8,18.56,0.99
8,18.71,0.96
8,18.81,0.95
8,18.89,0.96
8,18.91,0.97
8,18.79,0.96
11,10.2,0.71
11,10.18,0.71
11,10.16,0.71
11,10.19,0.71
11,10.17,0.71
11,10.16,0.71
12.8,8.03,0.65
12.8,8.01,0.64
12.8,8.05,0.64
12.8,8.02,0.64
12.8,8.05,0.65
12.8,8.04,0.64
15.2,6.18,0.56
15.2,6.13,0.55
15.2,6.11,0.56
15.2,6.16,0.55
15.2,6.15,0.56
15.2,6.12,0.55
18.1,4.95,0.5
18.1,4.93,0.5
18.1,4.94,0.5
18.1,4.93,0.5
18.1,4.96,0.5
18.1,4.95,0.5
20.5,4.16,0.46
20.5,4.16,0.45
20.5,4.16,0.45
20.5,4.14,0.45
20.5,4.16,0.45
20.5,4.16,0.46
