Frequenz Wechselspannung,Phasenverschiebung,Spannung Schwingkreis,Spannung Vorwiderstand
17, 90, 2.9, 0.175
18, 95, 2.9, 0.18
20, 97, 8.96, 0.201
30, 100, 3.02, 0.28
40, 105, 3.02, 0.376
60, 108, 2.98, 0.504
80, 110, 2.9, 0.632
100, 116, 2.78, 0.720
150, 120, 2.6, 0.888
200, 135, 2.46, 0.902
250, 140, 2.34, 1.06
300, 144, 2.24, 1.10
400, 151, 2.14, 1.16
500, 159, 2.08, 1.18
600, 161, 2.06, 1.22
700, 166, 1.98, 1.21
800, 168, 1.96, 1.21
900, 173, 1.94, 1.22
950, 173, 1.94, 1.24
1000, 174, 2.00, 1.26
1050, 173, 1.98, 1.26
1100, 176, 1.98, 1.25
1300, 178, 2.02, 1.30
1322, 180, 1.94, 1.22
1500, -177, 1.98, 1.26
1600, -174, 1.98, 1.26
1800, -173, 1.98, 1.25
2100, -168, 2.00, 1.26
2300, -166, 2.00, 1.28
2400, -165, 2.02, 1.30
2600, -163, 2.04, 1.29
3000, -159, 2.02, 1.23
10000, -120, 2.58, 1.0
11000, -117, 2.66, 0.96
12000, -115, 2.72, 0.92
13000, -111, 2.78, 0.896
14000, -109, 2.82, 0.865
15000, -108, 2.88, 0.824
16000, -107, 2.94, 0.8
17000, -102, 2.98, 0.776
18000, -102, 3, 0.744
19000, -100, 3.04, 0.720
20000, -99.5, 3.06, 0.694
22000, -95.3, 3.08, 0.632
25000, -93.7, 3.14, 0.576

